0 1462
100 366198
200 696899
300 852269
400 1817171
500 2448921
600 2126962
700 2462342
800 2541152
900 2881608
1000 3388548
1100 3650743
1200 4291367
1300 3787454
1400 4657175
1500 5350950
1600 5654765
1700 6717939
1800 3892164
1900 4702957
2000 5337161
2100 10205316
2200 7403026
2300 5713611
2400 5687583
2500 6302386
2600 6237854
2700 6012085
2800 6920308
2900 6812261
3000 7784483
3100 7382689
3200 10313532
3300 9074233
3400 10028914
3500 8728111
3600 9281245
3700 9508439
3800 12366171
3900 9631889
4000 11157661
4100 11882186
4200 11800013
4300 10071807
4400 10483998
4500 13031092
4600 12801361
4700 11960411
4800 12735666
4900 11899950
5000 14279869
5100 14587776
5200 16651843
5300 15889757
5400 13879377
5500 14369754
5600 14805233
5700 14182146
5800 14196482
5900 15512888
6000 15906415
6100 15386379
6200 15997942
6300 17862868
6400 23184748
6500 19871335
6600 21373750
6700 20651011
6800 18614900
6900 18186026
7000 17737258
7100 18147645
7200 18310031
7300 17749642
7400 18723257
7500 19802514
7600 20235352
7700 25524860
7800 23099512
7900 25245513
8000 25279377
8100 22508056
8200 21290648
8300 22007360
8400 21196726
8500 22609541
8600 20936563
8700 24906597
8800 24591729
8900 22854697
9000 27243061
9100 23996487
9200 24164832
9300 25630476
9400 24625603
9500 24548485
9600 24569386
9700 25814237
9800 25172998
9900 26840913
10000 25967338
100000 395459147
200000 850511819
300000 1406437059
400000 2302699582
500000 2965257331
600000 3339266146
700000 3803573996
800000 4310432065
900000 6630027829
1000000 6635879810
