0 5747
1000 2784299
2000 6023503
3000 8089552
4000 10629342
5000 13869693
6000 15535033
7000 19837093
8000 25752784
9000 26007304
10000 27880699
11000 34705821
12000 33373297
13000 39141948
14000 40785217
15000 45246857
16000 47473601
17000 54003861
18000 57485216
19000 61886234
20000 83028242
21000 90166988
22000 68619314
23000 68321542
24000 80699890
25000 80354637
26000 87637672
27000 109397877
28000 97569357
29000 99268535
30000 98155768
31000 106500174
32000 109363568
33000 109406058
34000 115757179
35000 110490608
36000 122307479
37000 132048976
38000 127489786
39000 126797815
40000 127851492
41000 136435531
42000 137083516
43000 154345070
44000 167894544
45000 149983573
46000 149096801
47000 154253496
48000 162609264
49000 165493072
50000 171679201
