20 75764
40 116544
60 183882
80 143601
100 211274
120 220323
140 386761
160 332595
180 321127
200 397368
220 362079
240 392399
260 472654
280 578035
300 537585
320 500106
340 534083
360 560821
380 605502
400 647715
420 760604
440 846603
460 730794
480 1025811
500 839428
520 811588
540 859838
560 929875
580 912049
600 1008251
620 944386
640 978687
660 1037240
680 1155269
700 1124116
720 1118936
740 1250470
760 1826280
780 1214963
800 1314295
820 1606993
840 2298016
860 1638256
880 1503791
900 1640777
920 1605958
940 1699052
960 2316293
980 1885435
1000 1546273
1020 4649888
1040 3099068
1060 1895925
1080 2298104
1100 1822298
1120 1864281
1140 1746082
1160 1991808
1180 2085863
1200 1935728
1220 1877257
1240 2408147
1260 1930458
1280 1959566
1300 2045962
1320 2528577
1340 2685986
1360 2041809
1380 2960216
1400 2136571
1420 2099298
1440 2339080
1460 4876026
1480 2250512
1500 2289464
1520 3437643
1540 2365369
1560 2348529
1580 2389563
1600 2716072
1620 2884698
1640 3446316
1660 3030568
1680 2949867
1700 2775914
1720 2762843
1740 2694244
1760 2926040
1780 3251923
1800 3316305
1820 3228457
1840 3505668
1860 3047011
1880 2924493
1900 3159685
1920 3047474
1940 3250511
1960 3405015
1980 3051473
2000 3081023
100 234856
200 350946
300 556539
400 906362
500 958126
600 1306777
700 3326436
800 1433848
900 1489299
1000 2120359
1100 1802004
1200 2166625
1300 2344702
1400 2112753
1500 2280974
1600 3260798
1700 3212135
1800 3538458
1900 3280274
2000 3070105
2 39306
3 22782
4 37070
5 32762
6 35097
7 57653
8 28358
9 43217
10 75011
11 63092
12 73286
13 61802
14 70166
15 49664
16 117295
17 51744
18 59065
19 76054
20 85539
21 83849
22 86111
23 51229
24 176394
25 64509
26 57245
27 69738
28 188504
29 80887
30 107955
31 76483
32 68288
33 95345
34 83411
35 80745
36 150140
37 151705
38 120909
39 116889
40 114611
41 120291
42 140374
43 82748
44 121285
45 91970
46 145269
47 89211
48 136972
49 96213
50 115803
51 127075
52 156118
53 144818
54 150176
55 144706
56 154517
57 125642
58 125119
59 132250
60 147832
61 123000
62 116306
63 179333
64 117366
65 121760
66 120959
67 121905
68 158934
69 128743
70 162365
71 146611
72 139508
73 152537
74 180808
75 135193
76 136632
77 232105
78 164524
79 158120
80 166646
81 189726
82 151790
83 209099
84 158954
85 153710
86 220077
87 227673
88 232040
89 292045
90 239555
91 212083
92 217342
93 187615
94 173002
95 278259
96 187594
97 218004
98 236098
99 202239
100 199206
101 262906
102 273981
103 247585
104 244042
105 279609
106 265346
107 337685
108 247236
109 213397
110 220864
111 340567
112 258822
113 221791
114 345995
115 200081
116 269614
117 279673
118 301716
119 260378
120 211837
121 225832
122 233575
123 325288
124 274597
125 223953
126 280560
127 261913
128 262418
129 325644
130 218466
131 301966
132 340897
133 241409
134 235230
135 253780
136 241452
137 390016
138 251330
139 259614
140 272236
141 327188
142 317254
143 270844
144 305897
145 296889
146 263394
147 296428
148 305606
149 275058
150 397090
151 265815
152 287576
153 284684
154 274843
155 377367
156 257894
157 362977
158 279470
159 282156
160 409900
161 277206
162 401055
163 310038
164 305787
165 310007
166 363794
167 333920
168 295016
169 298604
170 315500
171 277067
172 414730
173 403239
174 461636
175 400445
176 315102
177 315445
178 307350
179 436159
180 354971
181 316053
182 519951
183 327260
184 451422
185 446101
186 305459
187 345182
188 555277
189 352529
190 437690
191 427496
192 416577
193 314291
194 313419
195 455608
196 327422
197 359957
198 459484
199 336837
200 591171
201 430569
202 458459
203 364898
204 408252
205 362046
206 412768
207 407961
208 442877
209 368181
210 479425
211 505973
212 497377
213 508736
214 349316
215 442464
216 551558
217 372593
218 401629
219 483147
220 527355
221 380979
222 382456
223 658367
224 561884
225 393638
226 479152
227 389639
228 389577
229 614328
230 687615
231 642214
232 807214
233 668188
234 604919
235 674740
236 646136
237 548652
238 480694
239 719271
240 612616
241 657043
242 564516
243 668085
244 419437
245 739823
246 702020
247 426350
248 447067
249 463160
250 681870
251 531379
252 498500
253 742761
254 693253
255 488420
256 442051
257 517950
258 507547
259 543094
260 420757
261 446709
262 448391
263 476637
264 452222
265 560756
266 630178
267 617608
268 448127
269 496760
270 511910
271 482321
272 451370
273 451039
274 453256
275 636798
276 634428
277 632997
278 446995
279 647230
280 651901
281 467351
282 648206
283 650224
284 464236
285 654908
286 510665
287 643613
288 672882
289 659414
290 470315
291 676152
292 646251
293 494676
294 584057
295 660761
296 502918
297 595071
298 490792
299 509872
300 690773
301 548842
302 484995
303 553250
304 486700
305 498651
306 542503
307 495793
308 510268
309 501969
310 688814
311 507512
312 708616
313 700120
314 507084
315 616059
316 719899
317 709162
318 702884
319 559587
320 558715
321 734113
322 651853
323 520504
324 514595
325 730103
326 576838
327 530938
328 633245
329 734666
330 771515
331 582654
332 589995
333 599181
334 644434
335 779159
336 533093
337 548531
338 764101
339 759742
340 546483
341 657025
342 573223
343 554472
344 634648
345 766719
346 849865
347 753974
348 693438
349 813330
350 606419
351 799693
352 557056
353 785016
354 789348
355 787508
356 842665
357 627718
358 717947
359 590497
360 692189
361 793989
362 608823
363 826333
364 642253
365 830053
366 585214
367 816531
368 591258
369 586617
370 812247
371 653358
372 598301
373 713904
374 770757
375 636082
376 606708
377 827095
378 741694
379 2400333
380 728104
381 740321
382 660509
383 634817
384 730553
385 674835
386 633170
387 1086260
388 1174802
389 632222
390 767557
391 710618
392 698442
393 865053
394 783693
395 729966
396 673365
397 857642
398 744347
399 1118400
400 1064045
401 1076306
402 884335
403 1164871
404 1749803
405 1147078
406 745092
407 950803
408 680040
409 1012294
410 955024
411 1231020
412 877008
413 790503
414 944594
415 706457
416 777286
417 741439
418 949892
419 1075612
420 681435
421 686402
422 686112
423 964192
424 956711
425 1025348
426 765233
427 846080
428 892044
429 826883
430 767038
431 982257
432 784643
433 1119490
434 821741
435 809729
436 926112
437 987633
438 700782
439 731904
440 2774833
441 728050
442 733941
443 742744
444 829656
445 973711
446 891793
447 744049
448 1568841
449 745879
450 997786
451 789133
452 727362
453 736891
454 797374
455 1014584
456 741069
457 1607975
458 763471
459 997648
460 731910
461 875766
462 759158
463 1013512
464 858120
465 1085431
466 837802
467 1036604
468 791589
469 926588
470 747439
471 828369
472 1040580
473 1001735
474 827032
475 833621
476 822867
477 1017072
478 880200
479 1065688
480 851759
481 776513
482 1061960
483 943158
484 849450
485 1052737
486 792643
487 871217
488 986592
489 793557
490 1096681
491 839534
492 829644
493 778496
494 1191136
495 795671
496 797347
497 788807
498 796668
499 783286
500 1053248
501 793667
502 1061917
503 811225
504 791022
505 1059202
506 1104228
507 918886
508 1308737
509 907033
510 1126542
511 1133488
512 832191
513 912106
514 836460
515 1091040
516 842869
517 895812
518 815622
519 1154815
520 831299
521 1072003
522 1023882
523 1649223
524 904610
525 1893111
526 899346
527 969928
528 1392514
529 873697
530 876931
531 915831
532 957662
533 915219
534 891263
535 1560399
536 877511
537 952210
538 1179339
539 864461
540 842979
541 860309
542 1159213
543 867415
544 882006
545 1041213
546 944707
547 909594
548 1136779
549 953177
550 913973
551 2482118
552 1993142
553 862653
554 1075956
555 858276
556 918827
557 1193731
558 908422
559 905794
560 1143272
561 1167610
562 918659
563 884044
564 1227678
565 890835
566 1159239
567 974317
568 917445
569 1536938
570 1398014
571 1155107
572 912747
573 1091222
574 915003
575 1130494
576 906894
577 994926
578 1337831
579 1268154
580 1004346
581 1049990
582 1150237
583 917262
584 1035361
585 1191341
586 1496584
587 928527
588 1258854
589 1303196
590 919821
591 938597
592 1366898
593 916478
594 1142976
595 1412566
596 1296751
597 1034232
598 982252
599 941744
600 1074037
601 978256
602 1166368
603 1368371
604 1335923
605 1307510
606 1190210
607 1307807
608 1321541
609 944261
610 966119
611 1325827
612 1233180
613 1154364
614 935812
615 1093859
616 1072175
617 952099
618 980649
619 1069789
620 1614494
621 1896226
622 1350567
623 1214429
624 1227301
625 983121
626 1105783
627 1074396
628 1347508
629 1357175
630 1023930
631 1026223
632 1060019
633 1106379
634 1404710
635 1541513
636 1552538
637 1105276
638 1130749
639 1127350
640 1656028
641 1044574
642 1355798
643 1048852
644 1242952
645 1576622
646 1000768
647 1277503
648 1316502
649 1053301
650 1045211
651 1033872
652 1009032
653 1158077
654 1414053
655 1008421
656 1475885
657 1040847
658 1556602
659 1025042
660 1254092
661 1107303
662 1189351
663 1446013
664 1039389
665 1057293
666 1043954
667 1066593
668 1462799
669 1079911
670 1154494
671 1058426
672 1137440
673 1213851
674 1136941
675 1276887
676 1236494
677 1352634
678 1337381
679 1133912
680 1384878
681 1488123
682 1381718
683 1043664
684 1173084
685 1831095
686 1629948
687 1791005
688 1195542
689 1196757
690 1116332
691 1167411
692 1195589
693 1194166
694 1318758
695 1161959
696 1217069
697 2158240
698 1223961
699 1345221
700 1172289
701 1376294
702 1666129
703 1174245
704 1228794
705 1151951
706 1103574
707 1478002
708 1236309
709 1146355
710 1219176
711 1301645
712 1395472
713 1114231
714 1245191
715 1521264
716 1176663
717 1168782
718 1352175
719 1567441
720 1609004
721 1118312
722 1107395
723 1108713
724 1519438
725 1113079
726 1362268
727 1520267
728 1398106
729 1130965
730 1174935
731 1536916
732 1537078
733 1236375
734 1172432
735 1537331
736 1150253
737 1623564
738 1140163
739 1579472
740 1552807
741 1567026
742 1222868
743 1130290
744 1846312
745 1306932
746 2015089
747 1597643
748 1279300
749 1213647
750 1224163
751 1253938
752 1222322
753 1470641
754 1511277
755 1589130
756 1166593
757 1414796
758 1356527
759 1701204
760 1306839
761 1230211
762 1238878
763 1162397
764 1319684
765 1258565
766 1682483
767 1611030
768 1355835
769 1214817
770 1455296
771 1525590
772 1539806
773 1604358
774 1304104
775 1221819
776 1532399
777 1346729
778 1209775
779 1213379
780 1253124
781 1289063
782 1405327
783 1346253
784 1396764
785 2716708
786 1642619
787 1230704
788 1666541
789 1212043
790 1227579
791 1524651
792 1369210
793 1628292
794 1419089
795 1643180
796 1234199
797 1658773
798 1715102
799 1698590
800 1318781
801 1609330
802 1501606
803 1937461
804 1398333
805 1285563
806 1758692
807 1714933
808 1726693
809 1647202
810 1670460
811 1310475
812 1287498
813 1371279
814 1314804
815 1445885
816 1373151
817 1316877
818 1340802
819 1391495
820 1389429
821 1370322
822 1418707
823 1401301
824 1425819
825 1387370
826 2631324
827 1431045
828 1514001
829 1738907
830 1488339
831 1544926
832 1770858
833 1368215
834 1777859
835 1767723
836 2003561
837 1562654
838 2470095
839 1319708
840 1328539
841 1389841
842 1610312
843 1562538
844 1601498
845 1698233
846 1423531
847 1458583
848 1656475
849 1930098
850 1735411
851 1378217
852 1454616
853 1665724
854 1619017
855 1572546
856 1841232
857 1582963
858 1628806
859 1819871
860 1369066
861 1468438
862 1411356
863 1370187
864 1551532
865 1573287
866 1535088
867 1869960
868 1904984
869 1426448
870 1753969
871 1443389
872 1968921
873 1766978
874 2477086
875 1475138
876 1746870
877 1463228
878 1592606
879 1524847
880 1492131
881 1531510
882 1505437
883 1470055
884 1519267
885 1489581
886 1467460
887 1458070
888 1390325
889 1769558
890 1388392
891 1895574
892 1395865
893 1379700
894 1760003
895 1387635
896 1405146
897 1395969
898 1389920
899 1713629
900 1412385
901 1408357
902 1388261
903 1641321
904 1900613
905 1406907
906 1401916
907 1395181
908 1402824
909 1968461
