0 7935
100000 200827790
200000 413282466
300000 701302984
400000 894489872
500000 1337136564
600000 1561291522
700000 1733020273
800000 1964157558
900000 2677477496
1000000 2915115791
1100000 3058525198
1200000 3292047038
1300000 3536487505
1400000 3747246694
1500000 4117919126
100000 179611146
200000 408951326
300000 788020838
400000 953862576
500000 1434731334
600000 1543093174
700000 1797984233
800000 2167564863
900000 2646365420
1000000 2861212935
1100000 3040349469
1200000 3428746652
1300000 3721542691
1400000 3912053651
1500000 4119785748
100000 188698490
200000 430738280
300000 738048608
400000 971167910
500000 1431432046
